5.000000000000000000e+00 3.543066489425212495e+01
6.004098360655737210e+00 4.581068065494432062e+01
7.008196721311475308e+00 6.011319838572303809e+01
8.012295081967213406e+00 8.018322202676134225e+01
9.016393442622950616e+00 9.209824960797267579e+01
1.002049180327868783e+01 1.138582811293570813e+02
1.102459016393442681e+01 1.426958106806549438e+02
1.202868852459016402e+01 1.574558422020393493e+02
1.303278688524590123e+01 1.827508855439428714e+02
1.403688524590163844e+01 2.061234269157598931e+02
1.504098360655737565e+01 2.402634741978365014e+02
1.604508196721311464e+01 2.535585175397400235e+02
1.704918032786885362e+01 2.875435687619896612e+02
1.805327868852458906e+01 3.164511219543258562e+02
1.905737704918032804e+01 3.461261810569215527e+02
2.006147540983606348e+01 3.746462440996903638e+02
2.106557377049180246e+01 4.003988012321995598e+02
2.206967213114754145e+01 4.306088721553144296e+02
2.307377049180327688e+01 4.539739391382562985e+02
2.407786885245901587e+01 4.792615080912846679e+02
2.508196721311475130e+01 5.100065908349187112e+02
2.608606557377049029e+01 5.299066696383796398e+02
2.709016393442622928e+01 5.526517523820136830e+02
2.809426229508196471e+01 5.794743331555612258e+02
2.909836065573770369e+01 6.150644198393682700e+02
3.010245901639344268e+01 6.343445144035214298e+02
3.110655737704917811e+01 6.628571030574150882e+02
3.211065573770491710e+01 6.798272055019143636e+02
3.311475409836065609e+01 7.059523040062406380e+02
3.411885245901639507e+01 7.287674103909129144e+02
3.512295081967212695e+01 7.543500226858448059e+02
3.612704918032786594e+01 7.804751211901710803e+02
3.713114754098360493e+01 8.168252393953625869e+02
3.813524590163934391e+01 8.405628477501213638e+02
3.913934426229508290e+01 8.774479777758319869e+02
4.014344262295081478e+01 8.906430999211964945e+02
4.114754098360655377e+01 9.070707161563015006e+02
4.215163934426229275e+01 9.359558461820121238e+02
4.315573770491803174e+01 9.548409762077227469e+02
4.415983606557377072e+01 9.822611180539524867e+02
4.516393442622950261e+01 1.012758757930095726e+03
4.616803278688524159e+01 1.036643887955806349e+03
4.717213114754098058e+01 1.061909033742209203e+03
4.817622950819671956e+01 1.089251677558525444e+03
4.918032786885245855e+01 1.119206831225274527e+03
5.018442622950819754e+01 1.155006988832196384e+03
5.118852459016392942e+01 1.176652150379291470e+03
5.219262295081966840e+01 1.199374809956299941e+03
5.319672131147540739e+01 1.221329963623048798e+03
5.420081967213114638e+01 1.236820129110316884e+03
5.520491803278688536e+01 1.256387792627498357e+03
5.620901639344261724e+01 1.267257973875458674e+03
5.721311475409835623e+01 1.284593143302899762e+03
5.821721311475409522e+01 1.310463324550860079e+03
5.922131147540983420e+01 1.328565999888560782e+03
6.022540983606557319e+01 1.351281185076694101e+03
6.122950819672131217e+01 1.362686378145173421e+03
6.223360655737704406e+01 1.376324065303393354e+03
6.323770491803278304e+01 1.389729258371872675e+03
6.424180327868852203e+01 1.406979455380525224e+03
6.524590163934425391e+01 1.424842162239610388e+03
6.625000000000000000e+01 1.445092359248262710e+03
6.725409836065573188e+01 1.452342556256915259e+03
6.825819672131146376e+01 1.475972769026259812e+03
6.926229508196720985e+01 1.485370487705863979e+03
7.026639344262294173e+01 1.500155696535035759e+03
7.127049180327868783e+01 1.516630913244553540e+03
7.227459016393441971e+01 1.530338624043811478e+03
7.327868852459016580e+01 1.541883864394367492e+03
7.428278688524589768e+01 1.556894092924404504e+03
7.528688524590162956e+01 1.572749325394614289e+03
7.629098360655737565e+01 1.583837051954564686e+03
7.729508196721310753e+01 1.587537288364947472e+03
7.829918032786885362e+01 1.604772536595849715e+03
7.930327868852458550e+01 1.613705267095973113e+03
8.030737704918031739e+01 1.626940515326875129e+03
8.131147540983606348e+01 1.639020767497950374e+03
8.231557377049179536e+01 1.658178517698939004e+03
8.331967213114754145e+01 1.669948777750360250e+03
8.432377049180327333e+01 1.682184025981262266e+03
8.532786885245900521e+01 1.698179305733548745e+03
8.633196721311475130e+01 1.710182059874710376e+03
8.733606557377048318e+01 1.721487331746650852e+03
8.834016393442622928e+01 1.735947599678418101e+03
8.934426229508196116e+01 1.741640361699925961e+03
9.034836065573770725e+01 1.751015657212904671e+03
9.135245901639343913e+01 1.758320929084845147e+03
9.235655737704917101e+01 1.766316208837131626e+03
9.336065573770491710e+01 1.779078994499677719e+03
9.436475409836064898e+01 1.795764282132310200e+03
9.536885245901639507e+01 1.806829585525635139e+03
9.637295081967212695e+01 1.819747367248008004e+03
9.737704918032785883e+01 1.827967666701159942e+03
9.838114754098360493e+01 1.841877974034657655e+03
9.938524590163933681e+01 1.848098273487809365e+03
1.003893442622950829e+02 1.853311098552085923e+03
1.013934426229508148e+02 1.864686394065064633e+03
1.023975409836065467e+02 1.869821721099427577e+03
1.034016393442622928e+02 1.878499534343185132e+03
1.044057377049180246e+02 1.882254845616856073e+03
1.054098360655737707e+02 1.893235176591392246e+03
1.064139344262295026e+02 1.903757993775322575e+03
1.074180327868852345e+02 1.914428332630204750e+03
1.084221311475409806e+02 1.928408663604740923e+03
1.094262295081967125e+02 1.945388994579277096e+03
1.104303278688524586e+02 1.952136831464072657e+03
1.114344262295081904e+02 1.948807170318955059e+03
1.124385245901639223e+02 1.961012520994356464e+03
1.134426229508196684e+02 1.970295369699671255e+03
1.144467213114754003e+02 1.990655716434899659e+03
1.154508196721311464e+02 1.990086086811166297e+03
1.164549180327868783e+02 1.995136441426740703e+03
1.174590163934426243e+02 2.004264294072228495e+03
1.184631147540983562e+02 2.013159652627975902e+03
1.194672131147540881e+02 2.017435026944415768e+03
1.204713114754098342e+02 2.019787899290769019e+03
1.214754098360655661e+02 2.031373265726862428e+03
1.224795081967213122e+02 2.036958632162956064e+03
1.234836065573770441e+02 2.049001512389655545e+03
1.244877049180327759e+02 2.057191914287306190e+03
1.254918032786885220e+02 2.064157296484092058e+03
1.264959016393442539e+02 2.064967682621050699e+03
1.275000000000000000e+02 2.069320554967403950e+03
1.285040983606557461e+02 2.072510956865055050e+03
1.295081967213114638e+02 2.083546362702879378e+03
1.305122950819672099e+02 2.095659266570616637e+03
1.315163934426229275e+02 2.140004664528094509e+03
1.325204918032786736e+02 2.176350062485572380e+03
1.335245901639344197e+02 2.192610488024261940e+03
1.345286885245901658e+02 2.200258403712518884e+03
1.355327868852458835e+02 2.199603801669996756e+03
1.365368852459016296e+02 2.206554235089031863e+03
1.375409836065573757e+02 2.214047154717462035e+03
1.385450819672131217e+02 2.216307580256151141e+03
1.395491803278688394e+02 2.223568005794840246e+03
1.405532786885245855e+02 2.225905929363443192e+03
1.415573770491803316e+02 2.232391374602997530e+03
1.425614754098360493e+02 2.239496804081860319e+03
1.435655737704917954e+02 2.249982249321414656e+03
1.445696721311475414e+02 2.252700188650709606e+03
1.455737704918032591e+02 2.254410653591129631e+03
1.465778688524590052e+02 2.267741102770857196e+03
1.475819672131147513e+02 2.275304046040325375e+03
1.485860655737704974e+02 2.284479499160225714e+03
1.495901639344262151e+02 2.291034968040818967e+03
1.505942622950819612e+02 2.298590436921411310e+03
1.515983606557377072e+02 2.298533395951571947e+03
1.526024590163934249e+02 2.297708849071472287e+03
1.536065573770491710e+02 2.299644333712757543e+03
1.546106557377049171e+02 2.300432296683090499e+03
1.556147540983606348e+02 2.309902793144894986e+03
1.566188524590163809e+02 2.314303265965661012e+03
1.576229508196721270e+02 2.321393746666773040e+03
1.586270491803278730e+02 2.341786745098663687e+03
1.596311475409835907e+02 2.356032221859602487e+03
1.606352459016393368e+02 2.359657714381233745e+03
1.616393442622950829e+02 2.371360704932778390e+03
1.626434426229508006e+02 2.370901225035620882e+03
1.636475409836065467e+02 2.371061729377771371e+03
1.646516393442622928e+02 2.373609723869488789e+03
1.656557377049180104e+02 2.380460236091985280e+03
1.666598360655737565e+02 2.387620740434135769e+03
1.676639344262295026e+02 2.398696272357497037e+03
1.686680327868852487e+02 2.412779278669733685e+03
1.696721311475409664e+02 2.420629790892230631e+03
1.706762295081967125e+02 2.420085338576283903e+03
1.716803278688524586e+02 2.428858352768867007e+03
1.726844262295081762e+02 2.432933884692228730e+03
1.736885245901639223e+02 2.438164412675417225e+03
1.746926229508196684e+02 2.435619960359471406e+03
1.756967213114754145e+02 2.438998010013611747e+03
1.767008196721311322e+02 2.438383534056627468e+03
1.777049180327868783e+02 2.441839081740680740e+03
1.787090163934426243e+02 2.439682119574302305e+03
1.797131147540983420e+02 2.449517683019048491e+03
1.807172131147540881e+02 2.452353246463794221e+03
1.817213114754098342e+02 2.457886292177761788e+03
1.827254098360655519e+02 2.453721855622507519e+03
1.837295081967212980e+02 2.457092430887772935e+03
1.847336065573770441e+02 2.470463006153037895e+03
1.857377049180327901e+02 2.473221071567870695e+03
1.867418032786885078e+02 2.478211631072443652e+03
1.877459016393442539e+02 2.479807226038573845e+03
1.887500000000000000e+02 2.480255299333752646e+03
1.897540983606557177e+02 2.488315882479364063e+03
1.907581967213114638e+02 2.495531461684802252e+03
1.917622950819672099e+02 2.498592044830413670e+03
1.927663934426229275e+02 2.496800149646976479e+03
1.937704918032786736e+02 2.507860732792587896e+03
1.947745901639344197e+02 2.513681347459583321e+03
1.957786885245901658e+02 2.521044448335973357e+03
1.967827868852458835e+02 2.520485047242276778e+03
1.977868852459016296e+02 2.531150665849445886e+03
1.987909836065573757e+02 2.537591264755749307e+03
1.997950819672130933e+02 2.550179385333004575e+03
2.007991803278688394e+02 2.563000000000000000e+03
2.018032786885245855e+02 2.562200630427687884e+03
2.028073770491803316e+02 2.568098743124597149e+03
2.038114754098360493e+02 2.573074353851419801e+03
2.048155737704917954e+02 2.574345007920146145e+03
2.058196721311475414e+02 2.593313144258093416e+03
2.068237704918032591e+02 2.602358778625954528e+03
2.078278688524590052e+02 2.606869401173295955e+03
2.088319672131147513e+02 2.607450047361676297e+03
2.098360655737704690e+02 2.610953195520142799e+03
2.108401639344262151e+02 2.621533841708522687e+03
2.118442622950819612e+02 2.630269483956729800e+03
2.128483606557377072e+02 2.634997651816061534e+03
2.138524590163934249e+02 2.645268305884787878e+03
2.148565573770491710e+02 2.670228967833860224e+03
2.158606557377049171e+02 2.713034633723105344e+03
2.168647540983606348e+02 2.752537781881571846e+03
2.178688524590163809e+02 2.771723463531509424e+03
2.188729508196721270e+02 2.779909145181447002e+03
2.198770491803278446e+02 2.797637313040778736e+03
2.208811475409835907e+02 2.805822994690716314e+03
2.218852459016393368e+02 2.812543688161173122e+03
2.228893442622950829e+02 2.821961863900850858e+03
2.238934426229508006e+02 2.820527561311480895e+03
2.248975409836065467e+02 2.822868239021245245e+03
2.259016393442622928e+02 2.823813952192567285e+03
2.269057377049180104e+02 2.818922135812591023e+03
2.279098360655737565e+02 2.830487833223221060e+03
2.289139344262295026e+02 2.836053530633850642e+03
2.299180327868852487e+02 2.848766749715432070e+03
2.309221311475409664e+02 2.861782486527792116e+03
2.319262295081967125e+02 2.865813172117902923e+03
2.329303278688524586e+02 2.865758885289224963e+03
2.339344262295081762e+02 2.865627100430633163e+03
2.349385245901639223e+02 2.865107825422474434e+03
2.359426229508196684e+02 2.877813570115180482e+03
2.369467213114753861e+02 2.886991777376242680e+03
2.379508196721311322e+02 2.890317506308257180e+03
2.389549180327868783e+02 2.900713258881309230e+03
2.399590163934426243e+02 2.899736470082544656e+03
2.409631147540983420e+02 2.902822230535943163e+03
2.419672131147540881e+02 2.905457951587611205e+03
2.429713114754098342e+02 2.912233719921355714e+03
2.439754098360655519e+02 2.911241982344840835e+03
2.449795081967212980e+02 2.920792730977720112e+03
2.459836065573770441e+02 2.915723495371291847e+03
2.469877049180327617e+02 2.922816730213565279e+03
2.479918032786885078e+02 2.923507526128521476e+03
2.489959016393442539e+02 2.936748282641746755e+03
2.500000000000000000e+02 2.936377317339149613e+03
