5.000000000000000000e+00 3.586048666947296937e+01
6.004098360655737210e+00 4.641030856358574397e+01
7.008196721311475308e+00 6.090385819446262161e+01
8.012295081967213406e+00 8.122859103563179417e+01
9.016393442622950616e+00 9.344077935032915150e+01
1.002049180327868783e+01 1.155404231385547007e+02
1.102459016393442681e+01 1.446963391900161753e+02
1.202868852459016402e+01 1.597959829782417103e+02
1.303278688524590123e+01 1.855579931870518635e+02
1.403688524590163844e+01 2.093762756590978995e+02
1.504098360655737565e+01 2.440257413414362304e+02
1.604508196721311464e+01 2.577877515502463552e+02
1.704918032786885362e+01 2.923246727061128922e+02
1.805327868852458906e+01 3.218053215987435465e+02
1.905737704918032804e+01 3.521171537016664388e+02
2.006147540983606348e+01 3.813164412781175656e+02
2.106557377049180246e+01 4.076845456442763975e+02
2.206967213114754145e+01 4.386587441677838797e+02
2.307377049180327688e+01 4.627454872177631842e+02
2.407786885245901587e+01 4.887759580045066059e+02
2.508196721311475130e+01 5.204125229485986210e+02
2.608606557377049029e+01 5.411616324191625154e+02
2.709016393442622928e+01 5.647981973632546442e+02
2.809426229508196471e+01 5.924910345705826558e+02
2.909836065573770369e+01 6.290150549882029054e+02
3.010245901639344268e+01 6.493139863528796241e+02
3.110655737704917811e+01 6.787817345072639910e+02
3.211065573770491710e+01 6.968555768189970649e+02
3.311475409836065609e+01 7.240419636572019044e+02
3.411885245901639507e+01 7.480032614424630992e+02
3.512295081967212695e+01 7.747957424380166458e+02
3.612704918032786594e+01 8.019821292762214853e+02
3.713114754098360493e+01 8.396057934820673836e+02
3.813524590163934391e+01 8.645108190040926956e+02
3.913934426229508290e+01 9.027968496305231838e+02
4.014344262295081478e+01 9.173079693098972029e+02
4.114754098360655377e+01 9.349879057789788703e+02
4.215163934426229275e+01 9.652739364054093585e+02
4.315573770491803174e+01 9.855599670318397330e+02
4.415983606557377072e+01 1.014508364078854697e+03
4.516393442622950261e+01 1.046513033389105658e+03
4.616803278688524159e+01 1.071799064015536032e+03
4.717213114754098058e+01 1.098634916536079345e+03
4.817622950819671956e+01 1.127527041319858427e+03
4.918032786885245855e+01 1.159137804787457981e+03
5.018442622950819754e+01 1.196636023728585769e+03
5.118852459016392942e+01 1.220021698143241792e+03
5.219262295081966840e+01 1.244463644821133585e+03
5.319672131147540739e+01 1.268074408288733139e+03
5.420081967213114638e+01 1.285347538176917396e+03
5.520491803278688536e+01 1.306676940328337423e+03
5.620901639344261724e+01 1.319499892110634391e+03
5.721311475409835623e+01 1.338660477472346656e+03
5.821721311475409522e+01 1.366483429254643625e+03
5.922131147540983420e+01 1.386475197826648355e+03
6.022540983606557319e+01 1.411185605082473558e+03
6.122950819672131217e+01 1.424670923285355002e+03
6.223360655737704406e+01 1.440325058277944208e+03
6.323770491803278304e+01 1.455810376480825653e+03
6.424180327868852203e+01 1.475183150157235559e+03
6.524590163934425391e+01 1.495274562517465711e+03
6.625000000000000000e+01 1.517647336193875390e+03
6.725409836065573188e+01 1.527020109870285069e+03
6.825819672131146376e+01 1.552942705440807686e+03
6.926229508196720985e+01 1.564696484221622541e+03
7.026639344262294173e+01 1.581731624318616696e+03
7.127049180327868783e+01 1.600541675362667320e+03
7.227459016393441971e+01 1.616520543196425933e+03
7.327868852459016580e+01 1.630655327081645737e+03
7.428278688524589768e+01 1.648127744546281065e+03
7.528688524590162956e+01 1.666487617484444399e+03
7.629098360655737565e+01 1.680016307212315724e+03
7.729508196721310753e+01 1.686263635624007293e+03
7.829918032786885362e+01 1.706173330456283566e+03
7.930327868852458550e+01 1.717589475657682897e+03
8.030737704918031739e+01 1.733499170489959170e+03
8.131147540983606348e+01 1.748296320795763677e+03
8.231557377049179536e+01 1.770149743364803953e+03
8.331967213114754145e+01 1.784721804617664930e+03
8.432377049180327333e+01 1.799631499449941202e+03
8.532786885245900521e+01 1.818640838070442896e+03
8.633196721311475130e+01 1.833381716113011407e+03
8.733606557377048318e+01 1.847616143786456860e+03
8.834016393442622928e+01 1.864963115986374078e+03
8.934426229508196116e+01 1.873478904975999058e+03
9.034836065573770725e+01 1.886038065490613690e+03
9.135245901639343913e+01 1.896272493164059142e+03
9.235655737704917101e+01 1.907281831784560836e+03
9.336065573770491710e+01 1.923122353615354996e+03
9.436475409836064898e+01 1.942906603182913159e+03
9.536885245901639507e+01 1.957240674644584033e+03
9.637295081967212695e+01 1.973193741001849958e+03
9.737704918032785883e+01 1.984640356989992824e+03
9.838114754098360493e+01 2.001861883925191933e+03
9.938524590163933681e+01 2.011308499913334799e+03
1.003893442622950829e+02 2.020023576479410849e+03
1.013934426229508148e+02 2.034582736994025481e+03
1.023975409836065467e+02 2.043241541296865535e+03
1.034016393442622928e+02 2.055294251442357108e+03
1.044057377049180246e+02 2.062403233851084224e+03
1.054098360655737707e+02 2.076949493627452739e+03
1.064139344262295026e+02 2.090889659246472547e+03
1.074180327868852345e+02 2.105210829969897077e+03
1.084221311475409806e+02 2.122757089746265592e+03
1.094262295081967125e+02 2.143303349522633653e+03
1.104303278688524586e+02 2.153680792509294406e+03
1.114344262295081904e+02 2.154001963232719390e+03
1.124385245901639223e+02 2.169985500376728396e+03
1.134426229508196684e+02 2.183025309783973626e+03
1.144467213114754003e+02 2.207121391454454624e+03
1.154508196721311464e+02 2.210542205966105030e+03
1.164549180327868783e+02 2.219413198583642497e+03
1.174590163934426243e+02 2.232340463464415734e+03
1.184631147540983562e+02 2.245098911555481664e+03
1.194672131147540881e+02 2.253407181540660076e+03
1.204713114754098342e+02 2.259771723789074713e+03
1.214754098360655661e+02 2.275305082827196657e+03
1.224795081967213122e+02 2.284838441865318600e+03
1.234836065573770441e+02 2.300977895060789706e+03
1.244877049180327759e+02 2.313498353360665533e+03
1.254918032786885220e+02 2.324581534292899960e+03
1.264959016393442539e+02 2.329552170698663303e+03
1.275000000000000000e+02 2.337916712947077485e+03
1.285040983606557461e+02 2.345437171246953312e+03
1.295081967213114638e+02 2.360845085020357601e+03
1.305122950819672099e+02 2.377309271056997204e+03
1.315163934426229275e+02 2.425942273883345024e+03
1.325204918032786736e+02 2.466575276709692844e+03
1.335245901639344197e+02 2.487420467850737623e+03
1.345286885245901658e+02 2.499547020307962157e+03
1.355327868852458835e+02 2.503180023134309977e+03
1.365368852459016296e+02 2.514800125222411225e+03
1.375409836065573757e+02 2.526814133153164221e+03
1.385450819672131217e+02 2.533659324294209000e+03
1.395491803278688394e+02 2.545504515435253779e+03
1.405532786885245855e+02 2.552405978839534782e+03
1.415573770491803316e+02 2.563688447348220961e+03
1.425614754098360493e+02 2.575421093962794203e+03
1.435655737704917954e+02 2.590703562471479927e+03
1.445696721311475414e+02 2.598154847769873868e+03
1.455737704918032591e+02 2.604874593646200537e+03
1.465778688524590052e+02 2.623044517628414724e+03
1.475819672131147513e+02 2.635383258400336672e+03
1.485860655737704974e+02 2.649440637856078865e+03
1.495901639344262151e+02 2.661047839205933997e+03
1.505942622950819612e+02 2.673655040555789128e+03
1.515983606557377072e+02 2.678543603221824014e+03
1.526024590163934249e+02 2.682600982677566208e+03
1.536065573770491710e+02 2.689758005921534277e+03
1.546106557377049171e+02 2.695534024061097170e+03
1.556147540983606348e+02 2.710353413725649716e+03
1.566188524590163809e+02 2.719848070549032855e+03
1.576229508196721270e+02 2.732117638319472462e+03
1.586270491803278730e+02 2.757880755720789239e+03
1.596311475409835907e+02 2.777262868017700839e+03
1.606352459016393368e+02 2.786194802208725378e+03
1.616393442622950829e+02 2.803183008662985230e+03
1.626434426229508006e+02 2.808327131168707183e+03
1.636475409836065467e+02 2.813921431780316198e+03
1.646516393442622928e+02 2.821797093708104512e+03
1.656557377049180104e+02 2.834166305266769996e+03
1.666598360655737565e+02 2.846760605878378556e+03
1.676639344262295026e+02 2.863567094804684530e+03
1.686680327868852487e+02 2.883105123153057775e+03
1.696721311475409664e+02 2.896474334711722804e+03
1.706762295081967125e+02 2.901830645532142171e+03
1.716803278688524586e+02 2.916143584827571431e+03
1.726844262295081762e+02 2.925950073753877859e+03
1.736885245901639223e+02 2.936869107206655826e+03
1.746926229508196684e+02 2.940225418027074738e+03
1.756967213114754145e+02 2.949525456584257881e+03
1.767008196721311322e+02 2.954557034563507841e+03
1.777049180327868783e+02 2.963913345383926753e+03
1.787090163934426243e+02 2.967551017520525420e+03
1.797131147540983420e+02 2.983457150235057270e+03
1.807172131147540881e+02 2.992363282949589120e+03
1.817213114754098342e+02 3.003775866033243801e+03
1.827254098360655519e+02 3.005681998747775651e+03
1.837295081967212980e+02 3.015250497882891977e+03
1.847336065573770441e+02 3.034818997018008758e+03
1.857377049180327901e+02 3.043668857469304385e+03
1.867418032786885078e+02 3.054687534710308228e+03
1.877459016393442539e+02 3.062693311213065499e+03
1.887500000000000000e+02 3.069318082611417594e+03
1.897540983606557177e+02 3.083661492693590844e+03
1.907581967213114638e+02 3.097117447302235178e+03
1.917622950819672099e+02 3.106460857384407973e+03
1.927663934426229275e+02 3.111185272570985944e+03
1.937704918032786736e+02 3.128528682653158739e+03
1.947745901639344197e+02 3.140971736523556956e+03
1.957786885245901658e+02 3.154808696236606920e+03
1.967827868852458835e+02 3.160701928212892199e+03
1.977868852459016296e+02 3.178032437556818877e+03
1.987909836065573757e+02 3.190925669533104156e+03
1.997950819672130933e+02 3.210199906613795065e+03
2.007991803278688394e+02 3.229642960484193281e+03
2.018032786885245855e+02 3.235635836248704436e+03
2.028073770491803316e+02 3.248135162382338422e+03
2.038114754098360493e+02 3.259690760779209086e+03
2.048155737704917954e+02 3.268008369384889193e+03
2.058196721311475414e+02 3.293832428359692585e+03
2.068237704918032591e+02 3.309712759597731747e+03
2.078278688524590052e+02 3.320930724415186887e+03
2.088319672131147513e+02 3.328473422073810525e+03
2.098360655737704690e+02 3.338959847469198394e+03
2.108401639344262151e+02 3.356502545127822486e+03
2.118442622950819612e+02 3.372157787312918117e+03
2.128483606557377072e+02 3.384081490075946931e+03
2.138524590163934249e+02 3.401399098681627038e+03
2.148565573770491710e+02 3.433491618234364068e+03
2.158606557377049171e+02 3.483471593260628651e+03
2.168647540983606348e+02 3.529958018656016975e+03
2.178688524590163809e+02 3.556487815576394496e+03
2.188729508196721270e+02 3.572017612496772017e+03
2.198770491803278446e+02 3.596941315259801286e+03
2.208811475409835907e+02 3.612471112180178807e+03
2.218852459016393368e+02 3.626663275521140804e+03
2.228893442622950829e+02 3.643361889231226542e+03
2.238934426229508006e+02 3.649441508045716546e+03
2.248975409836065467e+02 3.659083849492566060e+03
2.259016393442622928e+02 3.667713290201169457e+03
2.269057377049180104e+02 3.670186814858311209e+03
2.279098360655737565e+02 3.689266433672801668e+03
2.289139344262295026e+02 3.702346052487292127e+03
2.299180327868852487e+02 3.722806676406187307e+03
2.309221311475409664e+02 3.743760849955960111e+03
2.319262295081967125e+02 3.755178102349865640e+03
2.329303278688524586e+02 3.762807543058469037e+03
2.339344262295081762e+02 3.770380711503836210e+03
2.349385245901639223e+02 3.777672518633024083e+03
2.359426229508196684e+02 3.798401603129852901e+03
2.369467213114753861e+02 3.815199860628163606e+03
2.379508196721311322e+02 3.826379123230879486e+03
2.389549180327868783e+02 3.844883118674764773e+03
2.399590163934426243e+02 3.851568831646603940e+03
2.409631147540983420e+02 3.862847738037545696e+03
2.419672131147540881e+02 3.873252089693205107e+03
2.429713114754098342e+02 3.888305907031202878e+03
2.439754098360655519e+02 3.895528541158908411e+03
2.449795081967212980e+02 3.913145081129265691e+03
2.459836065573770441e+02 3.916311442993735454e+03
2.469877049180327617e+02 3.931321888806743573e+03
2.479918032786885078e+02 3.940587894459438758e+03
2.489959016393442539e+02 3.961979345376852052e+03
2.500000000000000000e+02 3.978143252316083817e+03
